1111111111111111111111111111111111111111111111111111111
1111111111111111111111111111111111111111111111111111100
1111111111111111111111111111111111111111111111111111100
1111111111111111111111111111111111111111111111111111111
1111111111111111111111111111111111111111111111111111111
1111111111111111111111111111111111111111111111111111111
1111111111111111111111111111111111111111111110011111111
1111111111111111111111111111111111111111111110011111111
1111111111111111111111111111111111111111111111111111111
1111111111111111111111111111111111111111100111111111111
1111110011111111111111111111111111111111100111111111111
1111110000000111110000010111100010000110000100001111111
1111111001100011100111000111110010100111001110011111111
1111110001110011100001100111110001111111100110011111111
1111110011111111100001111111110011111111100100111111111
1111110011111111111000011111110011111111100110111111111
1111110011111111111111000111110011111111110010111111111
1111110011111001100111100111110011111111110001111111111
1111111001110011100011100111110011111111111001111111111
1111111100000111100100001111100001111111110011111111111
1111111111111111111111111111111111111111110011111111111
1111111111111111111111111111111111111111110011111111111
1111111111111111111111111111111111111111100111111111111
1111111111111111111111111111111111111111111111111111111
1111111111111111111111111111111111111111111111111111111
